dblp_id,google_scholar_id
1909,24847
2080,44932
2509,1509
1451,23335
1817,27315
389,35303
256,63784
994,61486
994,50667
994,37012
1079,55751
1428,64228
1660,39229
579,54147
2583,38767
2135,56521
752,48867
1983,37103
1933,56025
1667,28668
1334,56891
1102,4120
1095,40586
1214,31909
2538,13096
2524,29449
1463,31661
2143,32685
1807,41704
841,20453
1478,6647
1244,50731
300,19965
1891,34941
1697,47874
2581,40484
2349,35351
2349,39736
913,50105
1159,25870
2145,61597
652,59561
811,27456
2375,50182
1443,49977
72,39335
1376,16753
31,47584
775,15983
1092,20495
1990,48524
1652,41909
1254,20320
1481,11043
1105,22885
1834,34498
1015,35679
1622,44858
1436,16971
1200,36937
1985,46030
639,41327
1491,2161
1171,33224
708,52854
1168,17435
9,45049
93,7274
659,29184
1091,61245
1090,7301
1714,22065
1340,53973
1861,64163
203,3526
35,736
2086,29605
1678,53049
1678,17346
540,38576
567,15775
392,40086
2595,46834
1262,50138
1262,45618
1353,60746
1597,38678
296,56875
1361,26389
1705,37544
674,31359
178,4298
1609,7292
2374,10586
1149,58874
1020,37003
182,37919
2501,12710
369,60565
2613,29933
1133,34989
973,50248
366,35315
458,45999
689,29227
1385,57340
593,24315
1235,36755
1384,18609
539,10578
658,35230
1742,36645
2227,30000
1374,43268
2309,55696
1992,62382
2169,6742
2168,10690
867,6930
613,9933
1665,3418
1445,12505
1010,58117
2107,10139
970,39305
1616,9714
211,47337
1433,60506
1675,19902
1586,33525
1642,28133
2534,9400
644,31401
1562,38081
2132,26538
2215,55867
1012,53442
1717,806
1300,36476
1138,15380
308,2805
1399,46711
1646,30169
1035,12975
852,408
1889,1018
1513,38239
1360,11549
2205,54974
201,5335
1089,7819
1559,1922
1559,38352
901,21155
1421,63082
305,27202
761,22910
301,46607
1545,7478
817,30165
565,6170
1462,57842
1416,19863
1192,61354
2162,31093
2068,52438
2193,18279
2188,14775
39,9880
2185,20657
2116,36174
1280,49293
2001,48578
1996,29748
1292,7528
19,18752
61,26465
549,36685
538,63164
726,53592
555,57856
585,63584
490,18559
942,22732
2272,52056
2346,56511
2346,35523
2546,55477
1780,8226
1814,56428
128,24343
1708,34046
866,61629
1813,15125
1386,56687
1660,35698
143,24182
1815,57159
387,16853
26,49916
584,27267
1209,58534
478,56694
79,51893
2524,19667
1539,62840
135,60820
2302,57112
2533,22278
904,32302
677,3716
1011,21272
1512,10635
1691,24972
1913,36900
1913,25429
85,21842
2037,31181
1181,11058
959,12426
837,25574
292,36435
2004,4107
1601,5714
1743,3762
2455,52647
692,52070
665,33028
2186,11257
2502,21135
2421,753
2029,17066
1234,18255
927,14371
763,37838
2284,30790
1481,39413
1073,23667
491,8016
639,31456
1171,48629
2182,3289
536,42283
691,12341
1114,18013
106,24811
1412,56640
1370,59393
1370,49137
494,55269
1281,55119
497,18140
659,2870
1090,52960
1068,20020
1966,8524
2106,51307
1678,63918
1560,8133
2442,46369
2594,17238
1108,35778
1120,50577
1973,14676
110,36491
801,20029
1023,175
1568,51697
1731,59130
1525,28227
1525,38987
1998,25579
1385,61391
1235,23702
1235,41317
1546,2326
1048,17313
556,17198
2332,55458
2468,46429
1623,45634
2219,22006
382,63185
2309,15345
1674,2201
1129,49363
1665,11275
2592,45667
1395,33072
842,37892
1868,57614
1868,5575
248,5152
1404,55371
936,58504
2040,25210
1657,11076
995,36034
1737,59924
2337,56032
2579,4688
2579,1284
1188,927
2244,6025
734,29250
846,42658
18,58016
2075,6033
1821,53275
1738,7894
1725,12346
2248,56285
1368,1114
299,52277
1339,27060
853,10574
1083,7601
843,12160
1466,43586
1298,46772
807,37539
1160,30352
1236,2413
1152,39992
1152,2065
2014,63031
1523,61796
1912,43294
1215,511
1792,21779
1792,61385
126,60281
1954,63847
2105,7265
1248,61491
2054,17170
514,12890
547,20149
571,63337
898,16724
2314,13937
902,19657
2540,32585
2551,48799
2289,49771
2560,49856
1034,18404
1978,1322
2164,42129
1780,59481
1543,18988
2202,22255
1452,41090
2379,17780
198,61696
558,50167
1701,44224
757,49386
2583,60231
66,7556
1470,6469
1772,384
2194,27857
383,33223
1760,23889
1475,53867
904,33719
1734,2457
1626,38058
544,35400
544,30004
1662,31411
1011,41028
1891,56808
619,10805
1482,46092
956,12558
704,32776
2520,15100
1425,33992
1074,47844
2541,22397
1601,60576
192,13744
775,22664
1456,48064
285,15320
1424,33250
611,31398
1417,57170
1668,49704
271,18398
279,11308
2098,20236
1857,32837
1254,17625
420,14348
1834,33731
1834,33962
2354,8820
1436,26148
1278,7574
912,9669
536,38251
1963,26608
521,9732
1598,23490
1438,8468
2460,27615
2460,940
68,16374
1392,48794
745,41147
2298,63027
1541,43979
405,27983
566,11154
1612,15003
1612,35865
1414,43503
932,55845
253,25637
1238,9809
1108,56225
1706,56419
1419,56536
1120,56923
178,29784
828,42599
2374,49792
1020,29242
370,34130
2545,4718
1218,45739
1023,22731
1604,33617
1222,17149
475,24530
101,21928
218,9658
1580,63271
1590,53044
24,44994
304,23632
1663,47064
1656,53280
1656,45351
596,38518
586,53152
1986,468
1301,57628
1868,1470
2039,21551
2099,30372
171,1241
46,9485
714,52022
1774,27401
989,8345
119,23195
131,32384
2371,4524
2579,3973
991,28184
2351,38886
356,50790
356,61754
356,45288
1022,50160
227,54521
1258,61006
1484,7884
1801,45909
960,27440
1596,45306
1329,16306
997,41759
1480,45262
1255,35874
1124,39107
1057,21049
1072,10479
857,26966
1410,33707
276,5494
1833,58802
1373,5118
1298,3136
415,49343
1313,42336
1313,44554
1798,54449
1140,63410
1837,36345
2073,1517
1912,25016
1884,46805
2097,47431
2094,53637
114,39088
1388,56423
2141,11515
2153,10998
6,38997
1573,53768
1208,50976
642,9292
684,18119
1942,63573
207,6853
856,10738
486,56348
499,21548
2565,54174
2489,28636
2535,40174
107,3179
1780,37571
47,12716
1814,58359
1543,29603
1543,25994
1287,51453
591,54129
2277,23836
1458,11210
900,53261
713,63389
962,60878
924,3121
387,3234
1069,28716
1102,9194
584,21488
1209,54508
485,40597
546,62331
99,51471
2274,37353
2368,40052
788,15253
515,57630
1651,2603
956,20499
158,62562
11,60731
2174,14995
600,31289
1365,49905
1618,39437
2048,31299
72,37217
2362,12060
517,32680
1680,17038
2502,2757
12,27639
1938,26578
1849,22463
763,25655
1481,35364
1959,35791
2113,16129
603,41786
2042,10708
451,31696
1171,31156
1326,48165
2182,59948
876,50041
1578,23939
1702,45006
1469,50112
1809,58067
2310,53793
820,9595
95,51361
2008,9829
1100,50509
1541,6874
2030,18418
921,27146
1612,47632
1296,57954
2604,48635
1414,52634
791,9493
168,32180
928,63914
1755,4349
0,10247
832,62085
832,3260
1825,24855
1706,22074
1419,38444
1585,2361
1773,1794
1773,35459
1217,135
797,3128
747,8134
718,17039
1489,19813
1731,46217
1525,39918
1086,49300
851,39652
475,17718
101,9845
1464,62072
669,56347
1998,41865
1302,48988
887,54333
314,38076
2083,7807
2490,11180
1628,28756
2523,51433
1324,46873
570,34481
24,32476
1374,48912
2328,56144
1674,41629
1345,41766
1498,8893
1409,22928
1409,38406
2275,58021
2021,23137
719,6891
1307,4810
842,44986
735,30780
936,55483
1941,19345
472,40006
963,27232
456,57437
171,60990
243,21639
2271,10769
714,41396
1873,6097
1587,45495
1587,23800
1737,14136
1936,7122
513,21851
1562,37447
989,52054
1532,14381
2215,50140
751,7073
1336,14554
939,19697
1727,16230
1717,32875
2537,49843
2351,30150
1953,26107
1268,22587
331,28177
227,36901
2152,53314
2166,25417
1220,50848
1791,58498
2084,12366
1596,57725
1122,24324
949,21146
1421,7606
1421,59956
753,24296
845,30447
915,13443
1454,3722
1245,41505
945,45958
516,61266
651,63251
993,10195
1323,15632
810,43330
822,59931
1416,24558
1982,18057
1528,41380
1192,50474
1977,22420
67,20322
1263,2681
1819,56333
1408,37526
136,25415
1042,57483
2181,16909
239,52795
499,62889
712,14814
1937,21237
674,7525
559,10488
694,13336
102,36988
2301,10631
2467,52029
2557,22286
2428,35418
1284,12753
1508,52556
1978,24348
833,36983
1880,30233
1226,6692
2177,28067
2128,63486
2263,10617
1890,34389
2615,1283
1046,40772
2509,5465
417,8098
351,24352
54,51448
287,62296
1802,37532
2504,11556
994,48069
994,57064
1923,18031
2564,7529
1707,28069
1772,13051
681,19513
307,2509
1688,52317
26,54864
1760,10150
1088,54412
1685,43141
251,11640
399,11813
1740,53192
2259,61480
1266,34770
1159,57016
2247,43317
1682,64229
884,23392
872,46120
2101,4650
57,48058
431,63430
1390,1856
2556,17154
1110,35462
2573,37817
610,14395
535,16218
1424,23224
1097,14081
1417,60173
1417,6792
1990,4837
1990,30126
1990,55879
1634,33758
1125,13278
2010,23315
721,62901
798,55705
2031,41575
883,29969
1702,35932
56,3408
673,38353
2015,40508
602,60568
1389,17730
1155,9692
2513,62565
2449,30020
139,46128
1067,11407
2321,37458
2373,4821
1419,33353
1120,30736
674,42517
294,42513
1217,26178
1093,44464
1786,256
442,30128
2252,55696
2383,13223
2383,39172
1874,27412
1133,15801
2204,25042
1863,1621
366,60843
1382,60395
629,39503
2332,42751
2332,5659
2334,14858
530,22680
930,47502
1785,7374
1669,46881
1439,14454
166,45476
24,11163
304,28669
1253,32554
34,55216
245,38218
1345,46030
1129,12119
2401,50885
1409,42462
1620,1181
310,30308
5,12443
2211,53506
772,38426
931,43366
1367,13063
955,49077
171,51403
2549,59008
2032,29658
635,11242
1936,3095
364,53040
1881,11336
131,11758
1953,1459
1476,7222
1071,17301
1131,23257
789,26050
1076,55730
1614,59692
1139,20209
434,28108
2019,38221
940,16731
706,24305
1360,4405
455,49260
1068,33405
1068,4751
1545,25167
1545,14528
857,59965
1288,45648
810,31345
288,538
1397,60985
647,38487
1298,17629
317,15066
1029,5088
1798,35965
129,36727
1178,14415
1430,17854
1954,44542
157,20275
19,48814
2003,56662
1979,852
2092,13143
184,26884
632,2892
430,16666
209,7518
2495,28743
1814,52014
2320,30053
2583,6975
1608,6235
2194,22384
778,14931
2521,24468
1760,29219
478,53947
2524,15400
426,47175
2498,31743
365,18297
1244,51847
1094,34708
1041,48370
2435,9501
1512,53486
1651,60389
323,20420
1230,8699
1151,47391
1151,37465
1913,12036
575,34737
2026,63377
411,60797
282,47083
978,40215
1565,58156
775,38434
1092,2257
2577,61565
749,1530
1097,40758
1352,33277
1486,32392
2395,26463
1699,1348
1254,13518
2266,41275
1621,16277
2440,55964
1027,24729
1197,13170
798,43237
452,23825
1294,2329
1677,27776
729,41212
1100,62229
859,26191
663,46785
542,39223
604,44179
1612,50550
1871,14016
2190,12603
281,38045
1756,4132
1755,54148
212,202
406,17124
832,35703
1487,40895
625,22467
1474,5717
969,16558
101,26672
715,56790
597,52572
1302,2013
863,10116
2531,27218
492,38780
1235,2066
1235,62912
1492,62913
1048,16762
1442,35337
1439,2019
854,62213
892,62873
1049,11426
1180,10641
1589,38990
1589,40790
2265,29506
1437,12441
1039,55539
358,5562
487,11329
2261,57829
2261,59648
1616,23708
963,31921
1534,22468
1534,23240
2480,51994
147,13221
1829,11839
1917,13602
2549,6952
2474,19592
1599,50958
1291,48190
378,33724
341,16687
2132,27508
2487,42356
1205,39124
2411,3595
1177,24429
1752,241
1752,9352
617,39976
1131,44526
846,3537
228,49923
1771,19885
1686,25534
1399,43036
2020,4798
480,44200
2514,26672
1081,57588
997,31614
744,26006
971,16714
1057,24261
1271,29295
1162,55176
1014,58830
647,43833
764,32500
1044,34047
1077,11905
1236,63369
2038,42837
1152,15379
1912,40183
1383,53122
1954,61955
2125,19081
1471,19355
2110,27273
1063,41628
1695,49622
184,49763
726,12985
144,4143
2322,63336
2276,10535
2303,30350
2388,24302
2565,7729
2499,63001
1034,21312
678,50915
1735,22251
1814,43854
1240,51297
1550,30160
1334,10773
2516,10017
2538,27667
2563,44470
1932,54561
485,44266
756,12804
1449,35388
2208,16366
2593,12897
399,9558
2465,50805
306,24422
1613,32451
1356,19813
1159,47148
728,34234
1318,22832
2375,2054
1787,7491
775,29305
277,32041
1092,9774
610,21742
2527,30655
1424,56496
583,13320
1724,16722
2201,50717
1699,26501
466,1753
762,32503
495,42109
1481,47683
1460,47552
1621,30211
446,37628
639,46138
2273,10744
1591,4693
25,16350
536,33915
1963,23065
750,14753
56,19504
1566,60918
235,51626
95,1047
2542,61465
2298,35508
1100,40507
1828,49792
1541,51419
1283,26280
168,37110
82,3887
1159,14730
392,29702
2065,24961
2594,22338
2614,15513
1585,6091
2236,21750
512,16224
461,6044
1736,58461
797,7151
1489,61063
1693,55945
803,17201
964,59709
1133,16835
1133,33392
2398,38582
2494,34781
1793,47845
1863,5251
689,12112
1617,9657
1235,11954
919,31888
2512,46130
2028,4262
530,9660
1903,18266
814,23844
2224,35861
1129,21614
1409,47782
1409,54177
1409,63654
1010,54772
91,15971
445,18696
2007,41632
976,47238
472,38401
390,34301
1767,40470
1767,36751
1002,61651
1873,21014
986,21558
914,36922
119,30824
457,52036
554,58784
1783,40540
2559,27362
1907,7419
2103,53433
1309,6673
831,33337
1035,28054
1801,58036
229,62377
1201,22174
468,38390
651,2512
1545,21209
810,37074
1413,34793
725,45155
1321,26813
317,5616
1351,2058
1403,22998
1403,18587
502,13508
419,46492
193,26609
2239,52807
1260,14822
2041,13332
1837,18734
1912,47172
1792,13262
67,54803
1231,42551
1248,6819
1996,22931
190,17458
2187,36059
1109,20550
632,17250
486,61642
486,9139
777,30928
676,30721
1024,39417
942,10963
909,54952
2367,22118
2367,26184
2366,45518
2413,63120
2448,5615
2434,28891
2381,10145
2391,29758
1284,36026
107,29313
1780,418
1287,26023
2257,31130
2408,31742
196,46744
1722,11802
1214,8939
2563,17380
1932,50737
1932,29274
485,22699
552,19174
2000,40641
1930,46568
1088,36302
1398,54796
1249,8398
2235,15454
755,17037
70,38838
337,32480
399,54465
2586,59346
2586,23661
1651,5889
53,45114
432,22470
158,50680
2341,11482
1050,34331
2375,28041
72,32373
292,34718
44,42326
63,47245
1355,10606
1456,7163
2527,14467
1315,13947
41,2177
1990,665
1668,11605
2240,39365
1857,33624
175,22137
1125,4154
2283,9091
1698,28908
2269,32137
2212,18910
1591,9466
250,191
1114,15860
2491,61448
2297,52748
1711,13129
1392,37809
95,24387
2343,63839
566,22434
2606,12390
1949,34166
1090,51313
1338,15839
2528,55244
132,28758
132,46004
200,46954
1755,54287
0,59995
832,57312
1448,49796
1448,19209
1487,55705
1706,3876
1120,2636
1120,15368
27,60001
875,54254
1973,64197
1835,40747
2500,34733
1918,61241
1731,49014
1133,24548
1133,56241
2464,58307
475,20578
1832,34002
1832,44162
715,9108
863,7066
2601,18153
941,46287
1969,39822
593,34949
1235,52688
1235,46119
919,24285
2417,57773
2332,8468
899,20194
1394,28709
1848,52886
24,43831
1049,6560
1589,49066
1741,31493
164,27764
1129,46133
2403,56218
2245,63386
1359,18976
719,63403
80,25622
1307,46512
1127,56232
849,36567
931,37072
349,17974
1003,19954
2306,24599
1534,6711
1534,26047
1534,21282
996,14659
646,42946
995,50420
1126,57363
2215,41974
2482,1698
1289,38256
2060,38656
1752,19889
356,3205
1268,16473
2300,28437
227,61239
789,17578
1686,17369
1719,62790
590,51553
831,60322
1681,28733
1768,40778
1556,54759
455,7307
965,7535
738,59105
465,2528
1305,27582
1072,14104
1410,47266
1485,57132
1323,63679
810,33610
1397,63432
813,56787
1061,49441
2161,30940
157,16264
2218,14364
1477,28958
1408,34614
2024,48590
1965,9267
1047,12270
2144,2422
19,19231
684,55402
514,32371
547,43926
1948,33463
29,23471
1908,45269
1006,8031
293,35082
834,53543
231,4140
2303,38614
2522,36693
703,12263
1780,12568
2080,25394
2611,62210
1533,36969
699,51028
1191,27035
1377,43907
1794,22136
1458,5382
687,7041
783,16258
1707,9916
143,28064
2481,64195
1751,33161
1055,9205
1799,63051
877,54770
1102,179
1095,62823
1095,25320
1332,2838
1123,24395
99,62996
1957,45096
788,28789
399,30937
332,56096
1524,10682
1512,2830
384,6681
1119,32912
394,6480
959,9529
959,295
57,20120
431,55862
1627,46612
1376,56038
775,46513
795,43203
1834,32134
1273,41742
2269,2202
451,27661
1326,39316
983,33369
1438,55458
1294,5296
2117,63233
2542,32568
1828,18629
895,50396
1187,118
1229,44056
1068,36278
2347,45275
2315,36620
944,54883
1678,4807
1678,50094
1818,50298
557,30190
832,54710
459,42880
1487,43237
614,63669
232,14393
2176,4633
2372,27585
695,55465
797,6054
1020,44845
1876,27533
1444,43263
803,23930
1118,40698
2441,50751
597,25820
266,32065
266,38638
2596,17592
84,2868
450,28005
1687,23813
1989,41389
1439,60614
854,59013
1179,32843
1180,58940
1264,293
1674,6281
2169,45289
1345,46927
1129,40283
1129,20547
2275,61335
5,43727
1210,34190
842,29504
1868,49380
1868,33396
970,31678
49,19397
49,50019
1310,62292
374,56983
1602,11924
1004,33497
355,37114
1534,32928
1557,31477
1629,42755
243,4529
2549,42707
2549,30400
1586,38167
263,2657
1936,15311
1605,37832
1012,41841
1205,53471
1205,35556
1188,53022
1805,22048
554,16147
1719,4121
1719,53931
1610,58055
590,18279
831,45149
589,13321
2102,720
950,31237
668,11223
949,19658
1480,25876
1454,10370
1284,30866
1256,54340
1068,10163
1407,43981
1143,62082
1165,49859
799,30108
793,54571
502,39809
1982,7390
1441,16386
1192,28743
2011,664
1096,49774
1912,5770
1215,15365
1954,49750
39,5487
2125,26483
1388,25134
1388,20358
1842,7560
1996,13191
2602,61661
1826,50869
1847,60168
19,21223
1830,25298
1199,102
1924,48805
1872,54481
1939,39708
290,38275
449,33238
909,38317
2352,36184
2366,20583
2489,9939
1664,11258
1284,5400
2293,7597
1270,2616
1543,59896
2615,57559
1701,56597
2243,18680
351,30406
2409,35768
1802,41755
1319,54315
32,61220
687,32699
2118,20385
1707,38007
1707,25973
1600,29289
2397,20199
2091,35990
1799,21092
1928,61749
26,18205
653,14957
584,38294
2429,22625
2533,1694
2365,42325
365,19738
1730,40174
399,42353
384,15250
860,29623
2581,30533
2581,29107
1858,63751
123,13593
302,6454
1750,3330
65,36023
2012,36713
953,18974
1348,43906
1424,43777
1607,60567
2199,35169
2445,41457
127,22178
1857,17744
2267,46474
920,37967
471,53887
1790,49828
2438,1467
2025,40716
2212,48824
2518,56735
221,5555
1171,39667
2458,13888
1322,27651
9,48916
1711,54010
1644,19778
95,22605
95,36651
95,17315
160,28791
1612,49415
1090,33639
1293,50109
1158,31984
1283,57284
928,42595
2528,32033
540,41714
1819,62815
1176,17922
2442,21004
1353,12010
2614,21508
1344,63065
2373,9959
1419,28902
1419,42678
1120,61868
695,60419
178,23243
2607,6440
1093,54376
1786,4263
851,40274
1704,33308
2605,49534
2531,43824
2241,23981
403,2398
2069,58239
2490,24708
2268,52156
1855,43854
1324,51306
570,15455
2452,37291
360,18611
1542,18107
2477,51583
112,16346
1241,53786
1498,46299
1164,33380
937,14499
91,23737
842,7509
1534,11256
667,9709
2056,61069
357,5885
1587,2389
1936,10632
1718,32654
2579,1908
2411,53669
1022,27594
1366,54674
1747,18896
2103,50197
1610,16511
2019,62683
476,54131
2017,46025
710,16155
1227,24211
1468,34744
1124,43912
853,7260
1162,21036
1068,33681
1545,34956
810,45318
1321,16132
1061,40718
268,26881
502,35311
1152,64210
1026,11638
1865,41515
1441,39063
1920,38545
2198,37168
43,63635
177,31773
1113,23330
19,19951
19,20501
1830,7089
2003,52989
102,52195
1571,27054
2285,5091
1005,2004
1142,48708
1543,35170
2379,47501
624,50695
111,29191
2408,52035
2320,26994
1319,49970
256,11663
1905,16799
994,30542
1458,20310
1923,26653
1386,47429
1111,17855
584,43284
1209,41801
135,52470
1128,56652
2447,21309
1123,15213
275,22760
2498,37872
2368,63943
1689,11046
384,56300
2520,62371
2247,34054
922,64238
531,52292
2049,40394
775,25702
701,30936
2138,42143
2527,55260
2201,38349
2267,18319
2266,62906
1455,51337
746,34282
221,38412
1171,29790
1715,45275
2355,42537
1412,38691
1033,58135
414,19479
818,58429
1541,2703
1281,29697
2604,25814
1638,37898
496,52389
496,26789
1159,57857
1176,32801
1696,32559
832,42380
130,56580
1238,2609
1267,16461
626,32541
1144,56104
512,12093
562,1043
806,12503
964,32935
964,6519
1222,47993
2398,47856
1684,40907
887,59348
1382,53775
1970,29564
1213,23646
1157,15238
1442,62882
1855,56428
581,21047
1274,47805
360,35232
24,31559
2296,64252
1656,4547
892,52129
1180,499
1498,63622
1498,16948
613,1818
2403,9731
1039,43371
1039,52613
1359,22614
2324,55398
1868,37139
1602,23845
2262,13380
1415,36452
976,31754
171,55681
1910,49744
379,23228
1205,23176
2579,15862
148,38562
680,40022
1268,8434
2300,19278
1747,3098
1221,20528
237,20458
1901,10507
831,33086
2587,8003
480,47943
997,47463
1040,45283
1480,39812
1454,7905
1256,1506
672,64146
1379,23134
1288,7065
1373,9164
1321,8517
1298,19158
1298,8237
1026,40832
2246,41194
1516,11847
1477,37770
1250,56116
1826,13482
19,2730
1496,57154
852,12171
265,30002
862,25591
50,36942
449,54040
2276,29530
2264,42187
2293,57380
2055,54226
2536,57073
437,53465
2453,52393
1377,50973
1517,60436
125,16604
1055,4066
1815,54076
2279,25603
1722,18409
1214,13187
584,29840
2429,59196
1123,3224
1553,38493
1041,39347
1697,35418
1822,43516
298,2914
835,46940
1943,31572
1472,61369
65,41516
2026,56581
633,5563
1988,16146
1672,11173
524,35593
1390,9119
2415,44655
775,30230
1092,27476
1603,26806
375,13502
2199,42490
2284,16294
1481,23544
1985,56813
1896,12683
1197,8831
798,60153
521,25737
2323,58990
1852,28867
1469,61588
1322,6741
2310,25211
38,60342
1025,50621
2460,35060
343,33096
1860,2875
508,18446
572,27652
95,45920
93,3630
1163,18970
441,28619
2111,27532
1043,7198
1375,57675
1090,49946
1966,1544
1997,46686
1414,57091
1555,24333
1859,49284
1733,56705
1678,45647
280,36053
1755,41814
377,27297
1176,50378
1066,21453
1238,4711
1238,18951
2614,2042
1419,38853
625,42581
917,5930
1973,2856
1973,61056
1093,50448
2286,591
1731,62344
1133,19732
1495,19971
101,47765
1572,29354
458,36845
1235,32201
137,24673
2318,13064
825,41560
560,34912
2490,6250
1628,40818
1564,5320
899,46239
1785,61925
2446,18510
304,17108
180,1692
493,30591
1049,53378
164,62770
1409,27745
5,35628
842,42920
1868,54389
1404,61633
49,34920
936,26901
1645,2577
2488,14455
2271,13736
995,24050
1587,39600
553,3557
1745,21060
2568,57533
1532,33140
1717,589
2077,8714
532,3765
2479,30326
1594,21786
202,6703
881,33515
2248,53911
1329,26708
1201,61763
845,25918
1040,49296
915,63778
630,26732
971,17079
690,23250
1379,33455
1321,13649
1165,11001
1837,23223
2246,51336
1554,26143
2188,1580
2119,40502
1954,34112
1471,6626
2126,62929
2126,51404
1237,15288
1551,13263
1979,53010
407,64023
430,27129
1878,46457
911,40808
2483,57739
2399,6003
2553,48937
107,37045
1899,20733
2277,54463
1276,50922
256,4794
1386,32708
66,52479
1311,25091
2288,43501
784,54977
787,49287
1867,32430
98,58349
1932,58042
2524,18563
1759,483
2302,56630
1930,58870
2498,3228
1653,63947
1536,20480
388,28914
365,23721
2208,28180
1011,63015
1524,55337
947,31783
1356,10778
1913,9943
794,38773
531,3304
959,23058
872,2834
2353,55740
2571,32736
72,39497
1765,31531
1078,29155
1988,12072
1581,46628
1376,49864
2415,33033
1110,47194
1246,57211
2493,24897
692,10704
41,13005
1424,47311
2240,23040
1849,19456
1959,29124
1897,52336
2554,3558
1834,48006
1834,43175
2425,17479
1963,41208
876,59269
2355,45980
2355,6494
673,8076
649,5647
594,47310
414,47032
95,7844
1541,10645
1281,58638
566,53775
1187,4546
844,51090
259,3744
1090,44119
1962,31327
944,1766
254,28465
333,38473
247,25
1212,3228
1135,32760
1876,27116
1489,10778
1918,17229
1381,47050
1509,24890
1467,11537
2464,37102
1877,38815
2104,14219
1382,63845
2605,2380
1331,23522
1331,15657
1749,41392
2363,37616
1796,55719
360,10265
2309,10747
164,1800
1341,57454
1520,49524
1409,47623
2466,58131
2053,2517
17,37857
2426,55552
2412,39817
2574,19840
970,28534
49,45165
2211,180
772,34825
390,46193
955,46237
1629,31147
2064,45844
2597,1303
1873,60857
1718,19053
2568,17171
1532,18373
1336,37093
968,2891
2579,54979
846,53598
1484,2046
433,14974
1070,35537
668,62139
1559,42485
371,57528
779,2325
736,56249
845,17334
1057,31053
1545,16601
1812,35580
810,59040
380,38543
1143,50675
1317,1907
1466,52063
1798,38179
2022,18326
2183,35571
2584,35587
1490,12871
1211,36319
1047,9422
55,18657
2126,55098
2153,2271
1746,21028
19,58009
19,27684
2233,35680
632,31478
362,51537
538,61585
1904,38863
585,37306
942,13830
2303,22087
2560,2887
2553,18271
2522,12433
2285,12603
2387,15157
2080,24519
624,45616
1287,20231
1802,28547
2320,5341
1794,58526
1428,51759
1707,19947
1311,19465
1470,63877
681,24472
1316,9895
645,31806
2184,59998
2222,45864
1722,1660
1722,35980
1111,29703
2074,59850
2533,18136
1807,33101
1807,38668
99,1097
2486,54050
755,24493
337,23625
1753,14365
1356,37563
770,10959
116,34199
432,46621
652,43264
1723,24184
1583,55395
21,38975
1713,46144
1030,32530
775,34905
610,10890
1424,28751
1424,14217
1417,19775
1990,50895
2432,19864
30,27497
1857,7977
781,17407
423,60866
423,49104
1172,52678
1460,16703
1436,21547
241,45056
829,27463
2358,12684
1147,57457
2484,22939
2458,46644
289,63901
1694,20944
1392,52706
95,3210
95,50310
1541,13512
893,29502
616,45401
944,16179
1338,15108
1678,58725
280,23081
1755,18136
1176,51230
1560,15627
1267,64014
1267,7459
1703,19060
233,9053
2237,63630
640,61686
2372,932
2607,63856
1973,11856
2374,18629
748,37261
797,50507
717,37434
2258,58291
1059,39919
2436,61835
2104,45880
2601,24165
1384,30340
2083,49417
1166,1899
2228,62452
1679,1376
24,33260
1180,31138
1264,3916
164,55087
1242,54636
2344,53752
112,13871
1498,21536
1409,24610
1665,21236
474,54081
413,57486
1782,36693
1367,5084
1433,2076
390,38935
1175,58033
1774,1529
2578,22305
2578,55586
2579,49443
1975,23672
1907,58938
1117,11131
882,41952
1122,32323
2325,40376
621,41227
630,21623
1454,23079
301,50766
1545,3232
664,31981
1288,14999
810,42860
463,7628
1156,3833
288,20657
1823,24291
422,21087
819,37877
1351,25888
1473,49234
827,15295
1865,52306
1362,26545
2246,28530
1215,34204
97,13730
1969,42656
154,29920
19,25978
2057,39280
1979,47720
642,55492
670,11215
486,52628
2264,26626
2378,38980
2381,15073
2508,34105
2406,57624
1494,34871
2124,14379
1543,48702
2179,46688
1567,22729
1802,53701
1504,62677
1386,40684
848,46097
1558,33123
573,36374
1190,53516
1506,57484
210,33696
210,5032
584,25127
1712,27270
1136,7513
1332,101
2159,41288
2533,41814
1911,53278
1960,13974
399,45058
1401,41758
1356,1472
2062,17947
907,28847
1744,46793
72,47348
1183,29470
30,62918
1699,5356
420,16431
1834,39349
1926,51702
1027,18388
2182,8018
798,48928
1168,17874
782,50143
691,54213
56,13782
2329,53468
95,27198
988,3052
1574,27843
1541,612
1541,55613
566,8520
566,39722
1091,57684
259,1249
1375,568
1966,37169
174,32237
1638,64017
132,58160
1561,45266
2442,63194
1419,18430
1419,37940
2176,53265
1020,37816
1020,41849
910,1557
2140,23907
1023,63994
336,53327
1133,58300
1133,60846
1483,50642
2601,28369
1157,6838
1384,21552
1198,53717
2332,1796
1324,19024
814,19807
2050,32605
1530,23431
1741,58249
1437,4215
868,62728
2169,59029
1974,30440
849,43943
291,30287
1534,59026
2473,38995
456,59601
1929,30149
141,14825
759,7951
1967,37605
2350,15188
45,19262
588,2938
1788,4540
992,14749
138,50114
238,48938
1747,54264
1239,9716
18,41055
2384,32288
162,9765
1349,56940
1349,52718
709,55424
668,14634
1329,20343
997,33309
1031,24384
888,20498
1410,51990
638,17927
1833,46753
1397,13183
1317,4701
1515,23709
1004,38759
1865,12319
2207,56141
1391,40182
1977,34609
1676,3153
136,20254
1282,34040
2141,22382
2071,49566
19,47851
226,7934
1979,4905
1208,56264
2233,39072
514,7908
595,50757
199,48998
163,12570
862,40419
335,49782
2253,24979
2308,6215
2357,44705
2424,21743
2428,47874
2263,7093
1533,40781
2509,9449
587,22384
287,53580
2320,261
757,10999
994,16972
994,26011
1794,59808
1648,50898
1923,13622
752,44504
1055,12697
453,18765
1722,29255
26,57207
79,48134
1136,36527
1932,62076
1332,16132
1807,24084
99,55136
2208,49500
300,30546
2312,4305
956,6982
1356,20027
36,51099
2375,52227
57,43577
72,58713
633,57870
2530,13864
1390,12627
1092,16420
2335,21491
1456,19556
1456,55351
1424,53469
1424,30906
749,49264
2085,593
2431,33379
1652,35294
375,17140
1857,26818
423,52451
464,26380
858,38121
2023,22068
1622,16547
1964,56281
2025,14305
2462,26088
876,10603
1980,37320
2355,44385
1852,6409
1438,1796
9,35567
452,32571
106,41695
1711,19932
414,39651
1392,61305
408,10637
494,59281
895,31188
441,10912
2503,1899
2213,22536
921,16613
843,6386
2604,45890
2604,5398
791,42215
1845,682
1678,25201
527,32599
132,41821
254,3284
0,16627
0,46550
1818,7386
832,22920
2002,10796
1597,47893
1487,4615
1585,50696
614,59656
1343,61970
1120,36897
2372,23049
1851,29044
916,3029
2555,48619
1135,28892
1217,54568
1346,61658
1876,34808
1133,13989
2464,60954
1643,30360
1302,14952
309,17077
1048,52948
2226,18615
658,44376
1785,55794
570,43474
1579,54434
1542,24884
2050,18987
1762,4386
1179,25913
2265,5146
2344,63209
1345,56813
2167,24776
1498,23318
1409,24639
849,11111
1301,57240
735,54231
49,47981
1310,50323
1310,59133
349,20189
976,56151
121,17433
1873,14270
1873,27955
1873,10124
635,52690
386,59342
2215,57572
2216,28828
1188,9939
1727,41694
1953,15825
1312,62663
331,24035
2152,63933
590,11081
1001,23835
1001,56966
455,46905
229,51552
2217,36862
997,2968
845,13769
299,56306
1454,19179
843,38147
1068,27230
1410,17345
1413,57260
1373,11648
502,23586
2239,54786
1391,11384
1884,55688
1792,52662
1250,41455
2187,28005
1942,6738
574,35130
698,3616
926,27289
2495,55562
2287,14331
1909,16883
1981,24092
1046,42192
675,33970
2277,7353
32,3750
1707,54528
1550,42534
1815,13394
1956,52531
1333,63776
2521,62389
1209,46432
612,52988
2154,42500
1432,23262
365,24268
323,33963
770,8744
770,42893
1913,47532
2018,32047
1261,29268
421,37362
2115,26796
874,5265
1713,63300
51,6381
2415,48138
31,28931
40,38927
2186,14595
1424,63245
749,63037
401,44728
509,13804
271,16957
2175,9974
2175,9229
732,22732
732,17084
1888,40666
1888,33692
2234,42694
1897,63962
2386,5774
1834,26019
935,2308
1650,29140
746,11508
739,24483
1715,12628
1915,21460
1963,41543
1342,10867
543,55113
543,8019
95,25978
1828,52858
1541,35472
1314,41811
921,3143
523,2432
774,23238
1997,25523
616,41806
2127,3148
1555,28296
1678,59467
213,11090
832,59034
1448,15735
1703,32523
2614,11727
626,51609
1120,5095
512,11042
748,2050
2316,52986
1093,61162
796,45674
1346,39433
2392,2414
1709,45899
1222,63526
851,33208
1999,44980
941,50346
2220,58174
919,20607
1855,58359
1855,55598
530,14527
1856,4247
1761,53234
2446,45144
1324,57750
1324,7677
1589,58001
2130,6665
2168,15861
867,42204
2275,2186
1130,44550
2370,26879
1010,33407
1593,37171
1126,52075
386,61111
914,11853
1205,25529
2371,709
1519,17415
2411,13108
1717,38118
435,15827
498,57721
1953,20274
1138,59359
705,13715
846,37982
846,62190
1399,9741
2075,61263
1681,17247
1681,38215
1801,53571
589,10611
1070,22163
949,14517
621,43804
301,41439
1410,37921
352,17040
813,53493
1298,6617
707,10972
427,8452
2572,38892
2572,33669
1528,54369
1277,3459
2183,46750
1215,47367
2188,7012
1946,60354
1792,56675
19,5072
1573,26908
1573,45905
488,4663
595,11461
1968,41358
1939,48642
290,54001
614,7094
838,61948
2345,56441
2525,27048
2406,49781
1639,7206
2427,27412
766,2168
1380,17713
2277,3187
1497,52560
1112,33222
256,3091
2142,28434
1386,33677
1751,56460
864,26115
1069,28206
1549,40093
2067,34306
135,57347
426,44899
1807,45279
1653,42290
251,53359
1575,9414
922,59499
1318,18636
1820,55680
72,5837
72,53620
1030,27870
1765,24185
1787,845
1601,34635
103,15568
269,24369
692,55447
1728,57579
466,15242
998,56172
464,23614
416,24209
219,45743
607,57440
1790,55615
2212,36401
315,37441
1171,13695
634,54301
1147,50578
2355,37729
1852,4615
1033,364
191,40936
1677,28048
95,20258
1389,29443
921,28278
921,7886
259,7033
1714,19199
1962,32161
631,30952
86,20055
2315,61923
37,16964
1283,54689
526,47498
377,53827
22,36546
2614,24194
1630,29036
1120,8823
1212,27781
1020,59336
257,22575
1874,22516
1464,40898
1056,3533
230,30507
1969,45386
2340,2128
1385,36873
1331,21922
1048,23676
2363,44320
2226,28740
1198,45176
873,21816
556,13359
2332,26321
1669,49853
1439,11770
1439,63402
570,22490
1679,26007
1679,4673
304,28022
2309,51748
2382,29765
1179,40077
1180,4927
1800,63998
1164,17056
1359,46665
80,22948
1395,32457
354,31370
1602,7268
1748,16635
142,372
758,39381
2180,37067
1453,57953
1717,4466
1717,61875
1953,61742
1953,57519
1953,35251
2059,33890
1592,45959
1399,24897
434,21437
1681,28365
1681,48750
710,22840
1223,8479
1122,40496
1329,48252
286,56526
1421,32433
1339,23193
853,13559
945,41774
843,55691
217,61579
1323,4351
1156,15938
288,6551
311,21298
1165,35412
1335,45741
1505,59644
1313,63494
1865,19799
1961,63519
1554,50828
1977,28385
126,29469
1954,27538
1393,23785
1037,24364
407,46206
105,53957
1892,46250
826,24888
1875,55173
615,2629
2424,26785
2404,11068
2289,42478
2428,43934
1284,41579
1028,3797
1226,2655
2096,40797
1576,10785
776,16187
1380,28539
2277,28690
2504,7934
757,13583
757,45347
994,63905
687,38387
1386,59839
320,19991
1550,32303
1815,27181
2194,21128
2184,61103
397,2300
1760,5405
1123,18833
1088,41769
1734,25386
2469,57513
696,7548
531,31636
2058,31220
1425,62363
1618,7492
1078,29283
1672,20661
978,60443
51,10872
1376,4501
269,58907
269,18800
1552,18237
2146,19626
2146,32455
2231,51629
2547,46581
639,34889
221,24279
1171,37142
1326,35793
1578,21476
1598,34304
2359,4493
1100,41113
2360,108
566,35892
566,40954
2513,35151
1229,45926
921,23617
1811,42885
1612,62192
1090,12732
791,6795
203,12466
944,16348
1529,27863
1797,47120
1756,63738
1755,60784
273,10788
1706,52955
626,52229
625,30677
917,58303
2607,49290
2045,55313
1116,60118
797,45911
156,61429
372,7117
108,23449
1023,13699
1538,41489
1525,26333
878,63475
385,26759
715,45324
2506,13968
492,13678
1384,2319
1141,48725
982,53363
686,7074
686,42489
1649,12750
1856,35883
1439,20602
1324,36549
1179,36999
867,54843
224,59265
1129,3968
1409,51851
2403,12007
17,44402
2591,39604
1404,48623
474,62941
2039,18616
724,41458
171,49002
2549,37358
1775,46066
1775,58154
1873,2488
379,19882
1562,55149
1717,23654
1975,17397
2147,10194
2249,6288
1747,23495
1747,22549
1670,12211
1060,37291
1139,8310
1484,12821
2260,34773
1700,40206
2478,59778
1099,46648
890,25667
1031,24004
879,27978
1256,51633
1162,62809
1068,13705
1354,6969
1459,45724
1140,45553
1528,51994
1902,40825
1527,14162
1423,2195
1337,52789
2133,35696
1037,56967
1535,10035
2155,39984
1208,2912
979,62736
850,62821
571,39034
293,61422
490,17714
929,6430
2457,16366
2295,33577
2467,9802
1028,26913
1899,32909
1142,53521
1543,19718
437,50801
1287,50154
1451,17799
125,32403
1905,3939
1502,59250
1632,42226
429,25318
2405,17782
1799,25640
880,6515
2485,58862
1189,40839
650,56184
1722,22325
1214,2064
653,42976
1209,37166
1420,12930
2533,54287
2235,29897
1094,23141
1299,3011
1524,49333
2312,29125
2581,23578
2581,58077
1913,20418
116,42297
2589,55239
1007,19062
891,55054
1595,29811
1161,22454
40,43607
2502,31576
550,9561
1857,37034
1784,53455
732,13830
1481,43980
765,3412
858,33050
2386,13435
170,15532
170,35935
1834,11444
2547,12969
721,59825
221,1129
2072,34382
204,8178
521,22608
1702,28510
1412,42796
2305,10059
1677,3662
95,8868
729,1277
494,51139
2298,30689
818,37702
641,42573
1810,53399
2416,60251
1640,23976
737,42142
1068,1268
179,40414
2604,22725
791,2569
1555,16585
1176,21730
1238,18541
1419,1184
1053,61694
625,56320
7,58885
1217,57227
1148,9099
2383,6754
1525,62880
1709,41718
266,31582
1570,5698
450,64008
1198,51677
2490,35233
556,35137
563,18926
539,6512
2219,28074
1324,3480
1679,50730
1180,18705
1341,31949
1241,4716
867,51038
1520,51853
2456,27453
1665,19507
1479,63011
1868,46862
1868,53757
735,26633
1789,10934
1279,20663
986,16748
620,36917
1737,3287
1562,28232
457,3998
2060,37987
1752,53270
4,4991
1953,13790
1312,50961
1312,60457
1771,24039
1720,4884
2103,40275
434,28876
1681,20792
188,19241
1036,12006
236,38660
1421,1566
1499,17943
1493,14123
1454,35777
662,23539
879,62836
1072,561
1545,33774
993,1302
1812,46937
813,62259
1223,13679
1837,26068
1884,53983
1946,7654
1954,31882
1423,15350
1266,24524
2027,9859
2087,44956
2087,48189
2071,42070
1563,63844
117,60637
2580,34641
362,53278
488,12481
430,35208
499,17509
402,32720
258,25094
2364,14781
934,32858
2255,33858
2346,54044
2396,28322
2388,59797
2505,39606
2553,36509
2437,6958
2489,53022
2293,40696
1880,39947
2096,59375
1514,3997
2507,30996
1890,48665
1062,56561
766,6300
54,50156
389,48402
994,8056
2564,11693
1386,27405
429,45199
2229,19182
2052,11268
551,49155
1506,57875
1894,33661
120,45055
1184,36519
133,59686
612,54367
1507,46657
2178,20642
104,45850
2090,40988
197,55673
1478,61559
77,59833
1041,43229
788,30456
788,60919
1230,17973
1159,44835
1261,36952
1729,11850
2101,26860
431,742
754,31572
1601,63492
1766,56495
1500,56310
2493,9741
2577,21929
550,15344
749,45270
1668,26082
1153,15468
1699,12129
1699,59573
279,56201
1073,11028
1460,32449
2386,10564
601,8265
2418,9846
2113,30419
2291,493
808,30385
798,40895
1065,25396
671,39754
521,6191
1673,1605
312,16017
428,166
2390,22990
1314,32782
1947,10333
740,45816
1966,32246
2238,58902
2088,62478
1871,20025
1145,45693
82,8561
274,13907
2151,46306
212,42916
1825,20916
1448,61291
2373,62773
1706,58241
674,39550
345,54693
1489,37563
1133,9322
1133,4376
1133,27311
1086,51804
851,42884
2131,16902
2398,38497
1103,48586
1781,45168
1308,18857
1364,3924
2471,46688
593,31335
2420,19019
1492,52152
2490,27234
2028,23440
2523,60045
1439,6262
854,49030
2463,32695
1341,31146
1129,48795
2021,27550
1290,9281
1098,60270
654,45738
46,54596
2597,5579
697,46009
644,34346
2568,45368
1532,22399
1754,24271
2215,56028
2165,45789
2070,13873
1882,8112
554,18854
1461,19000
1312,5795
846,4233
264,38561
1357,43588
1768,11446
1801,51514
1725,608
1596,29836
1480,58261
592,57125
1375,57774
725,12742
400,7044
1466,42086
1061,54978
1298,12610
506,59316
1351,55905
2239,63556
1954,1903
2129,60606
2089,59363
1388,16234
2061,42308
19,56999
1510,23877
670,2835
33,55553
2276,1877
2313,24789
2308,2552
2489,12240
2546,7534
107,12268
1142,1521
1142,60095
1780,31855
1814,55598
1906,40385
624,9182
1838,45371
90,43168
1191,31666
1517,7285
473,38268
1518,2706
1458,1699
1458,13975
1707,1997
1707,58304
1422,13322
752,57538
1558,27899
1815,7046
1688,57489
1688,6881
1619,13877
1619,21803
448,32580
1894,37091
653,16443
584,11523
2033,2081
1332,26813
1123,7993
99,41263
99,46435
388,54410
2402,61311
75,17864
2299,42242
956,48551
2349,17292
1204,12926
537,25824
577,2602
600,28335
1840,53104
1365,54028
1618,38950
648,21696
524,15199
2493,47322
500,31199
447,7552
1348,21618
749,12042
505,62246
1724,18376
1167,27081
464,5737
885,51866
2063,21862
2134,44136
446,41337
746,35470
2010,4104
576,48594
2518,30747
1491,6485
1715,5776
1591,50779
289,53508
2281,28828
1193,12452
1779,37608
95,26863
95,9393
95,17325
95,13903
729,21029
2336,31706
2163,33975
1314,60603
1314,63581
1811,1033
1612,62311
1340,41082
2311,30101
86,48634
2282,23081
1503,20684
406,36630
2377,6472
1487,60153
1419,63302
1419,41109
1419,12700
1212,37872
1212,18328
1217,58482
1134,16
786,9358
108,23226
1444,9843
1731,48449
2136,33797
1133,436
1526,28546
1084,43711
1302,44070
314,57511
1384,40251
403,61321
1203,58674
2332,14778
1855,51723
933,2523
548,37994
1180,8378
1345,33646
1129,30685
2275,29895
905,39230
5,41598
1479,6275
1259,26088
1534,21565
390,15445
1692,10167
955,12515
2480,46437
1764,24525
1587,21212
2180,34207
588,6128
368,42327
1387,25484
151,33230
138,59253
1717,24144
2351,31372
2351,34984
1916,27784
1953,55055
13,49869
846,39896
238,40935
1611,31342
679,38053
954,7355
2019,60072
1768,34418
1808,39394
1407,24023
1122,22890
668,6412
997,37481
1421,53805
404,38882
879,23897
1162,51169
1545,34053
1545,39860
857,61094
958,29082
288,58317
1321,101
1152,30195
129,29113
1140,11047
1954,22542
1330,63560
2144,13815
1826,11574
1051,48254
2187,32580
1979,56589
670,13454
547,48461
499,43124
1984,48841
952,13727
2292,51734
2515,41656
2450,56645
1087,39111
1909,15578
1909,11956
1046,54640
1062,44090
624,55008
1380,13037
1802,57461
2320,27481
1707,20303
2481,53218
1311,23488
429,49402
908,13431
510,46906
1816,4146
387,9000
2563,45435
2033,25924
1539,41701
99,60230
1478,15095
2422,59374
1662,52631
251,51929
1651,4024
1230,36221
1919,1052
134,5114
1682,20705
531,28381
1750,22090
72,13770
2444,37273
1106,38
2493,46711
1355,47917
1824,17031
701,55140
1092,12464
1950,48485
1352,49286
897,49182
1631,5481
1879,38911
1659,11170
491,62038
2451,49066
999,12070
603,37100
2518,19394
1715,43234
798,47824
750,16435
2331,50522
1711,34612
1677,33670
1225,12196
566,60124
20,37223
2496,49288
1043,6016
1090,6805
1068,57277
2,21187
82,61019
2190,5091
2528,52741
139,41345
377,32562
130,9413
1372,60204
695,50972
916,35089
1609,38377
828,38409
1773,5702
875,50278
1217,5209
1876,31043
1804,17096
2076,50835
964,28569
1647,17391
1019,10378
1832,144
366,43796
2043,55421
2605,9557
972,44334
627,25771
686,52945
2512,41374
1203,37005
1590,51528
1324,36117
570,60742
2400,58249
1951,58099
1762,59608
1179,48192
1264,8072
867,12061
1498,3339
1409,14065
2066,53395
905,45395
1434,55268
2261,47606
1868,56627
1795,38355
1290,19414
1290,15497
2034,10258
2600,4303
1207,13838
1367,57158
1534,35103
1593,43183
2480,54369
1175,11925
1936,6400
2410,14934
2180,47820
246,10560
206,17683
1131,60308
532,6351
237,3615
2075,50014
1681,58759
1556,52746
1185,17317
1194,49974
779,45777
439,19107
1480,38661
1124,53879
1057,35234
1305,43350
1545,16240
688,21830
974,51754
565,9698
1165,44881
865,17511
871,16357
541,37960
1160,30949
518,59157
1450,48121
1837,45982
1837,21823
1523,480
2114,640
2193,34843
2188,13754
1954,3686
2100,16522
2230,44644
2230,54548
1388,50641
1996,18810
1540,33582
2153,52668
19,33793
1510,57989
71,37725
1208,53145
438,19948
674,31393
2301,52265
2303,36480
2517,19180
2467,28207
2388,61078
2560,45355
107,33199
1142,6050
2080,33000
2055,51699
2433,27822
1802,36628
424,5194
1195,20496
2320,21956
578,35609
367,21336
1008,35608
2279,23749
1190,58414
645,24966
161,22806
784,51252
448,28005
1095,45479
1214,22071
2538,53970
2251,37984
1123,17017
75,25703
619,18709
2581,9803
1691,63426
815,18149
11,46616
123,1829
1840,63795
837,29677
1411,32473
72,29386
2012,45419
282,22952
2414,12455
1743,32840
1581,48945
2455,56291
2527,60128
2317,32665
2421,26315
1548,52353
1990,63465
1652,47641
1699,46586
1857,19488
2284,23389
491,39188
918,34353
780,56176
746,30817
118,63910
1985,41766
876,15111
2361,56541
1469,59069
691,28435
1426,11975
106,42415
1294,5597
2460,16931
1588,40015
1447,62583
2008,13741
566,49814
1187,8829
1043,59623
2513,60244
980,6638
730,27013
1293,60672
1293,57866
2238,7964
616,37413
2347,46865
86,44630
1921,2179
37,11908
140,58484
1206,44759
1755,1694
832,16981
832,47949
2321,48530
1108,38842
1419,12780
856,15940
870,18744
178,23036
74,51641
1972,41389
1474,58256
1875,7025
801,62272
2079,5386
1133,14619
1832,31092
2529,60188
1203,40316
2400,31493
1732,35621
1129,21902
1409,56761
1620,5651
2016,41230
69,8110
2412,44836
2407,46580
976,44494
1433,6714
1534,45463
2549,23189
2271,22134
2534,13949
636,58687
2472,53563
1727,34439
1522,53419
1022,45665
227,60537
846,57653
846,6327
238,44328
1747,30070
1670,42082
1137,26916
533,53838
1994,56835
18,28404
831,63149
1407,37777
1089,11596
779,62614
997,28685
753,37588
845,10155
1480,34069
1339,26886
1454,17005
1454,51241
1162,41588
1545,41032
1545,11166
1485,61251
810,62337
810,13074
923,32495
291,4332
807,63951
1202,37426
1202,44817
569,18345
1528,46437
1954,61035
1037,10615
1037,36209
1996,25155
2126,35665
2195,17701
1510,47707
1573,41702
1573,30121
1979,58413
94,27593
609,23293
529,38705
792,17599
1987,24344
8,16621
637,34045
335,19224
298,51769
2304,3280
2250,28761
2301,50407
2424,60042
2495,61354
2467,24083
2515,62619
2430,1866
1909,61931
1814,43198
682,61844
1543,53201
2507,1001
261,57247
417,438
702,7219
2277,11193
587,27857
1707,19926
1240,48100
1716,22493
2294,29326
1933,59806
805,27702
1606,29525
924,6775
98,49356
2538,2244
2524,41398
485,48282
2533,54148
2533,60784
1088,50321
1807,4845
1689,15842
1689,5195
399,25084
619,63356
2435,52850
956,58485
2256,32701
1230,25907
860,25847
2247,47173
1365,53900
2101,30493
837,62156
1030,40736
2590,6664
656,1408
943,11389
1603,63989
2317,45507
2317,44825
1115,6428
1352,31635
1990,12267
1699,58829
495,35648
1893,45743
920,33967
1363,32550
1834,5869
2095,50207
2552,36461
1591,40852
1032,22510
1963,24754
1322,2617
1711,646
1033,3849
95,63089
1940,29335
1944,1750
1100,58893
895,45178
2214,1563
566,42706
2503,45723
1947,14936
659,34018
1371,62485
604,32514
1090,31902
1966,7744
2604,45177
168,50935
928,55527
693,38115
1706,3590
1120,1050
1120,57067
2121,16718
1773,55886
482,60804
2316,49550
62,22640
369,33925
1464,43941
1464,19269
230,18655
1643,38474
266,8719
440,46634
2363,11551
10,16046
556,23955
1564,14799
1530,27496
1674,8442
1665,16755
69,12154
1777,37391
1782,12433
1602,16978
1182,30399
948,3696
1534,1958
390,47280
357,3682
1291,42166
2064,41163
957,48028
986,21423
2350,48676
1396,713
1205,49990
2077,11608
1953,24183
785,51046
238,40913
1592,41642
1670,54057
2160,53480
1641,46456
1719,55840
1610,63417
1681,33044
1556,63610
455,18176
2278,18076
1480,17231
630,23312
971,11886
504,43881
504,29640
738,62732
1162,14732
1298,57661
1335,14213
1029,32999
1537,30748
1982,57601
1837,39620
2119,36218
1977,20626
1954,52100
1883,50459
1435,53218
1819,53890
1388,16337
670,4938
722,23854
1,63691
395,39150
430,40579
260,50530
338,44141
490,27018
172,32213
249,13127
449,19747
2366,61438
2381,50488
107,19496
1544,8379
1909,32880
1142,63354
1981,18476
1780,20974
1380,9805
1440,5103
2433,54929
578,34798
1502,39837
1311,20446
1995,13
225,32718
2222,12076
805,35236
2563,21082
2563,28449
1539,61590
1539,50359
1123,12859
2498,18328
2013,41711
361,3542
1011,51725
947,10794
1740,5315
1651,18695
1159,29988
922,5173
283,13398
1854,59187
837,29561
1369,51676
72,12227
72,35045
1030,33143
1743,43549
1500,38615
1161,42961
447,14651
2317,58407
1424,47516
2290,47386
489,49895
605,9498
1234,12642
2175,49620
1167,25781
491,3477
1698,37800
1622,55253
522,18640
381,23013
1065,38879
1065,33082
983,41640
1702,40404
1852,57650
1322,31822
1809,1237
1588,30318
2298,21599
1100,55482
2139,31209
1612,35666
843,28501
2109,21949
1678,841
1132,47433
832,42811
2348,25910
1630,19466
1706,28331
1419,32611
1705,27283
28,17772
2176,57214
1148,13121
561,37894
723,50024
1509,30922
925,23616
925,39813
1302,6148
1308,10146
1547,63803
16,32260
581,53129
2523,57901
2219,8466
1726,22188
658,57831
570,47930
166,35047
1679,38001
814,13799
2050,25318
1409,16969
2123,15377
1150,59315
1275,25692
1010,37839
2107,55363
2034,13809
2539,34044
211,39931
1534,12241
955,62143
2480,41380
646,43215
2549,21744
1587,46443
1936,3078
1562,56082
87,2773
1131,52362
1258,59925
789,38148
1747,10797
1399,47322
2221,60908
2149,49672
18,41395
742,52833
840,3822
1001,14795
455,9079
1329,37390
1329,6261
949,46043
1615,49276
744,13461
915,48207
1410,34988
810,14140
810,31309
1154,18542
655,6269
1347,37631
1152,61884
2209,45772
1295,50873
1228,3244
2246,30130
2246,5444
2188,28116
39,2563
2082,50313
1280,21224
136,9299
1577,22984
1826,30836
2155,31430
19,11264
15,3190
61,29989
760,27778
511,5337
836,36246
777,50362
720,33680
209,35962
615,55320
298,54631
2352,61804
2303,34567
2470,63410
2280,28097
2289,63843
2508,62942
2489,927
107,41647
1909,19919
1494,35507
2263,1848
1533,41954
1708,44720
1287,7728
2277,15845
1813,5535
195,18730
1707,18262
1707,14012
363,42372
752,59002
1055,14
1558,46017
1815,10125
839,7397
784,4997
2561,34174
1722,33332
584,15582
262,42585
2533,5879
2533,58305
564,48430
903,25436
124,7424
788,20318
1512,20140
2581,47627
1913,62474
2375,54093
65,36513
72,46788
1390,4869
2455,64062
2415,40254
500,58877
517,54533
509,10226
1990,10007
1654,28136
732,16381
2461,2995
1763,12739
467,57439
1455,63381
2134,47746
1436,26725
999,9898
73,12959
773,4443
1171,36798
750,20967
2281,40188
1711,4604
729,28509
1257,63304
2319,39065
843,61679
2604,55464
1283,48549
1678,32262
1080,16610
1206,55388
377,22360
1806,36293
391,22014
1448,59124
1238,16351
2614,26660
2237,14232
1107,16996
7,40754
2122,12894
2036,62112
372,1440
2270,34934
1526,40590
1467,38749
101,44768
1643,36140
1358,31519
2220,50432
1382,57996
1247,23369
1235,55183
1048,58772
1327,26844
1272,39447
1439,63399
1439,30305
1903,28909
1253,25522
1437,20740
1341,17775
409,10016
2081,37204
735,22565
1290,5131
1182,32601
355,42298
1593,44182
955,55924
1557,16390
171,57248
147,17682
243,13102
1764,10448
951,29376
525,27688
1009,48150
2180,38600
1754,40665
1396,14910
1188,12240
2351,38593
227,40509
846,36361
846,50222
1747,17986
1139,16087
2017,52320
1001,19833
1556,36815
709,63398
2248,9564
1501,34913
1421,10602
1421,56282
853,26084
465,6187
1812,47735
1323,27426
1397,17566
1823,32788
1298,61292
541,7797
599,60996
322,9291
2207,40341
1912,22010
1912,30105
1884,48038
2108,15425
1954,18667
89,5948
1405,6260
1208,62659
184,59823
18,40332
443,27184
555,62877
402,24481
559,7582
231,819
952,24171
2303,42693
2495,50474
2546,50971
2285,3113
1780,4275
198,44003
351,15303
1451,26223
484,62102
1008,6080
1328,55529
149,60267
1311,21430
1269,24021
2222,28616
805,7363
1209,50348
903,19714
2422,18275
1662,42565
1662,38958
1957,46319
300,26481
1304,41232
1697,43934
1230,37453
2581,11030
1913,39706
1261,25504
1318,26403
412,851
524,59685
31,60744
775,52433
2527,52394
800,5712
1834,36030
396,44159
1898,41773
1963,15382
2333,63261
1025,30990
2329,31020
414,48709
2542,3192
441,39342
405,49418
405,7720
1229,11006
733,32111
1966,17823
1418,46318
526,34865
1755,58305
1252,27004
1503,22121
1825,25352
272,2219
22,40678
1487,48928
2607,55931
1973,55802
1973,18453
1971,19201
442,26466
727,38280
1918,47068
666,59037
1133,42181
1846,10387
851,64234
1382,15190
444,3342
1235,37119
1886,63247
2241,27624
1580,1739
2268,6353
2268,15204
539,11229
166,52163
2497,10451
1589,62001
164,60577
1341,1832
69,7822
1479,2187
1769,4321
1404,62555
2040,6915
1182,39701
1182,11362
223,27368
660,19535
357,39884
1655,43293
1936,51490
1562,59287
1465,51643
1205,60458
2579,43401
2216,40188
2411,49871
716,23207
554,27110
1522,12758
331,35139
1131,49730
1131,9951
1138,3387
1484,60135
48,61164
236,54263
1329,9911
1329,53357
845,35727
1368,57134
888,14565
843,2686
1162,57864
301,28332
1313,44736
1798,20350
1152,60970
2014,53996
1192,55562
2191,9091
1636,11068
2188,19786
1954,60370
1954,32994
1883,19441
1388,29715
19,34274
2181,23684
2233,25173
1695,46275
2598,39695
511,2121
585,38105
438,57520
449,20529
298,7103
942,16381
2338,18727
2339,22852
2519,51709
2232,44375
1735,28205
2093,7698
2507,5403
437,58227
1287,17043
58,37918
994,17041
1707,24454
1502,21733
1008,44277
66,14340
1240,51394
1995,8051
1928,60167
453,57384
1894,36528
1722,14240
26,52175
1095,35868
2538,9310
2078,543
612,3953
2171,25335
1807,37301
1082,25283
1432,36711
1121,20985
2256,22756
384,21463
860,47248
2581,27113
1691,10293
2548,51511
298,13440
1058,30228
1204,300
2520,25635
283,6868
1723,31637
1710,53908
531,31124
1425,36372
2375,2467
1618,3272
2609,8769
72,8154
524,51493
775,4027
775,29695
1106,5042
2493,43036
1064,63204
1885,20292
517,42170
1993,44280
1424,39692
1424,51976
946,31631
1352,30368
1582,13943
1990,49448
505,46433
2146,23913
920,31057
1073,20073
1363,26840
1146,15622
691,57444
594,31841
685,42234
1828,29277
1828,10586
1281,43793
566,48837
566,30056
1068,15106
1966,10784
2608,28440
791,7208
928,61502
1145,52285
1755,22278
1252,27555
1448,12368
2307,32942
2002,12256
2002,802
78,45743
1372,57446
1108,44357
640,63017
1419,31404
625,38456
2511,37160
1212,31743
2374,52858
802,63067
1488,26575
1488,1852
1693,58163
1023,16644
2206,38030
1381,44151
1509,27923
1525,54255
1302,10654
2531,32267
1213,47147
1232,42869
450,32580
2334,9253
1855,52014
1623,41538
1669,57143
1439,32587
570,43088
1903,16068
113,16964
1129,36995
1409,19684
17,35922
1164,56257
487,7179
1301,43129
1616,47976
211,58881
1521,18278
2480,18973
2549,1151
150,44670
2380,39384
1764,18026
1661,2188
1718,28957
1605,27703
1532,11971
1717,58889
498,16262
1592,56204
769,58421
1594,30450
433,9343
433,17320
668,32758
1194,44036
690,26049
1833,4155
810,53302
1397,23579
1165,48367
1196,20972
1202,40475
764,53115
1798,50666
1152,42742
2200,35543
2200,46857
1982,42818
1912,30077
1902,26045
1362,1887
2223,55569
1792,42063
185,50977
1224,57499
1446,44546
2144,22973
2071,9396
226,11556
1496,23476
1199,57701
642,15790
670,34485
731,64138
407,53691
609,17518
449,44791
258,18619
898,31828
2327,18320
906,35785
2303,15620
2394,34523
2505,25637
809,52271
1735,15289
340,37787
1814,51723
776,13722
2427,22516
90,62171
1287,31985
2475,7522
256,859
256,34093
994,21177
1386,51417
1386,29479
1707,22838
1707,9090
1502,40741
713,2073
1240,34514
1558,14780
1190,28866
2294,24728
225,55769
2429,61312
104,57889
297,33641
1449,43629
2208,52870
2356,22097
361,14310
399,43123
2435,49687
743,50907
384,28323
323,43011
1356,61063
860,17187
1038,53178
652,39677
837,16543
643,52542
282,20396
524,20542
1101,34529
1376,11385
2362,51750
2085,5221
1758,52335
1888,62152
1621,1825
2269,55481
1985,46927
603,45459
2518,1082
1715,56007
1852,40801
572,24684
685,49554
729,17347
1163,31648
1612,13908
1068,17214
1714,7806
2046,7071
944,63682
280,32114
1297,25608
254,32386
391,16055
212,63200
1372,22503
1108,40422
2607,35102
294,59546
657,22340
1773,22911
512,22804
1973,39321
869,6334
370,44696
806,42139
969,23725
1133,53196
1572,61432
334,17280
1793,27387
1302,36350
1350,8852
1431,60363
1431,47643
2006,60624
1970,33064
1235,60111
1331,61858
1331,29339
1531,30616
1531,23070
830,49535
830,46056
1726,26110
493,23657
112,18550
1520,47068
1843,4585
970,27511
413,53513
2040,30349
1602,19810
976,43661
1557,35156
1748,29134
1587,35803
1737,8017
1836,1195
1770,24414
1774,31872
2568,34209
2369,24983
2369,48779
1336,41533
151,40350
1268,15841
990,52266
1484,63704
590,34843
1738,27460
1349,48888
455,11543
229,58948
1089,21649
501,9519
1615,56956
1468,7904
1480,47708
1480,56959
1016,35988
1454,3879
1429,54035
1256,45010
1410,46194
664,31853
1143,38005
827,19614
1152,14425
2073,14374
1792,53977
1435,64195
1471,12302
1330,54210
2602,350
1563,59625
1746,59482
981,21107
549,39490
486,62792
609,26246
144,20704
234,47739
258,29415
2543,41094
2476,14264
2396,11036
2290,18400
2450,58383
1571,18777
1511,33156
2611,15730
2611,59088
58,39881
1440,33730
591,52045
111,6020
1243,61156
2376,1826
256,8734
256,816
1905,3665
994,46608
1707,40377
1008,39221
1600,43717
2229,8257
683,61944
26,53780
584,17316
2538,35012
79,56170
1475,38337
1807,49477
1082,56576
2365,8255
1121,27395
1662,56859
124,10483
2469,35144
75,62801
515,61473
1512,30753
384,16552
1913,16369
240,63577
837,21161
57,10170
1376,50152
1887,32077
519,50886
1216,57585
2419,52401
1607,58152
1990,28531
1724,19304
781,1461
732,10963
1265,46096
2266,28831
1460,18434
2212,21032
2273,1979
1017,8339
521,14632
9,51737
2210,14456
414,33209
1392,13515
1392,41368
339,15267
95,7781
1541,59371
183,60499
566,27927
566,62441
20,14220
1640,57396
1612,1370
2439,30401
203,9786
168,41823
82,59840
2190,3113
1678,54555
2189,97
1755,5879
392,31037
1176,48141
1262,40043
1706,60477
1419,25767
1053,46369
1173,15111
1973,7563
1474,53781
345,12896
2393,25538
1489,20027
1489,1472
1525,42603
1525,31396
851,38381
1643,35434
1213,52703
10,26207
1045,28620
1757,50814
1439,10458
1439,11591
1498,17510
216,14534
1164,41658
2426,52089
1127,58264
970,21296
1534,63614
1593,4338
1767,45496
243,9097
1279,58522
1936,62616
1605,60417
2568,25353
2568,9970
457,56739
246,23500
636,9837
1205,14294
1975,28522
13,53148
1747,1410
1360,9058
480,42834
1329,12048
2326,35843
1421,14442
1468,35053
753,39092
915,61959
1457,54156
1849,14321
810,12692
400,11181
987,915
974,53255
1515,35132
1298,466
1537,56693
1347,44336
1236,33289
1798,28337
1982,10337
1228,60783
1523,5033
146,36351
1383,16205
2193,51553
2150,63119
89,55462
136,16083
2225,48857
1211,40192
1996,40619
2187,64008
1109,9631
514,3246
836,39602
574,7945
609,19152
862,53652
449,35387
790,1983
2303,28431
2467,2583
2381,15249
1803,21365
2096,62483
2507,31972
417,11746
624,4559
1287,46459
1451,21606
587,21128
473,33453
1319,41586
1751,43955
1190,41249
1831,44066
2566,27721
387,12772
1400,11331
612,631
1507,35562
768,26448
2302,61921
2533,4349
1478,57310
2575,33075
1524,16845
1524,5896
1401,37650
956,1626
208,20043
323,38419
1913,35738
1682,11053
2037,37752
1425,12875
2571,49818
1750,12964
1750,14067
1007,23572
282,31052
2005,27470
285,12989
1348,17474
2290,44552
214,61497
375,11375
187,45743
2175,62800
495,39799
2146,28916
173,45439
471,32508
170,61536
1834,57612
1834,16776
2051,47504
601,46964
1325,18372
999,5983
607,1055
2552,9014
2291,46694
2518,26664
2333,59732
1658,25007
1850,43054
414,61986
1427,11359
1100,18922
2360,58868
160,29067
1966,13073
1283,30066
928,46605
1145,9426
2189,11597
2443,50755
1560,14915
2203,58524
1238,13843
1372,37647
333,59763
1487,47824
1419,31545
1705,27506
1120,14114
1584,28111
2374,29277
1149,8168
2526,42858
1690,15252
801,26445
181,63305
2286,11963
1306,33390
1525,49630
1832,27050
2104,3553
1643,25741
1643,55545
1350,26155
366,47878
1233,23180
1235,17151
1546,13481
582,27830
2459,9402
2226,10856
2490,11134
1564,1045
826,30351
1439,44214
1409,2153
1409,11204
1164,45889
1721,9046
1395,21794
938,40206
1207,20214
1378,30879
1534,14197
1521,24786
1655,55725
714,31257
1873,26331
608,28961
2579,22282
1727,56125
1320,15156
1953,17648
1476,9534
1138,7505
618,60337
1747,31695
1610,21763
1085,18935
824,64109
1485,31277
977,47016
923,28935
1298,25507
1462,62984
1313,51231
1152,15099
1104,44246
2047,5536
1170,54383
2193,11081
1977,16923
1792,55108
1853,17524
1042,52367
1844,62846
2009,56709
2003,60387
1671,24560
1208,60454
847,9663
792,21693
1006,12634
1006,46563
2304,25684
2364,46354
2519,25395
2454,49584
2560,8806
2381,38552
